FID,FID_Bounda,Id,FID_narok_,AREA,PERIMETER,NARO5K_,NARO5K_ID,UNIT,LAT,LONG,NUM
0,0,0,264,25000000.0000000,20013.6992188,266,265,-4643,8825,7925,0
1,0,0,265,25000000.0000000,20015.3007813,267,266,-4652,8825,7875,0
2,0,0,266,25000000.0000000,20017.0000000,268,267,-4653,8825,7825,0
3,0,0,267,25000000.0000000,20018.6992188,269,268,-4662,8825,7775,0
4,0,0,268,25000000.0000000,20020.3007813,270,269,-4663,8825,7725,8
5,0,0,269,25000000.0000000,20022.0000000,271,270,-4672,8825,7675,36
6,0,0,270,25000000.0000000,20023.6992188,272,271,-4673,8825,7625,0
7,0,0,271,25000100.0000000,20025.3007813,273,272,-4682,8825,7575,9
8,0,0,272,25000100.0000000,20027.0000000,274,273,-4683,8825,7525,0
9,0,0,273,25000000.0000000,20028.5996094,275,274,-4692,8825,7475,0
10,0,0,274,25000000.0000000,20030.3007813,276,275,-4693,8825,7425,0
11,0,0,275,25000000.0000000,20031.9003906,277,276,-4702,8825,7375,0
12,0,0,276,25000000.0000000,20033.5996094,278,277,-4703,8825,7325,0
13,0,0,277,7736270.0000000,20035.1992188,279,278,-4712,8825,7275,0
14,0,0,304,24999900.0000000,20013.6992188,306,305,-4745,8775,7925,0
15,0,0,305,25000000.0000000,20015.3007813,307,306,-4754,8775,7875,0
16,0,0,306,25000000.0000000,20017.0000000,308,307,-4755,8775,7825,0
17,0,0,307,25000000.0000000,20018.6992188,309,308,-4764,8775,7775,0
18,0,0,308,25000100.0000000,20020.3007813,310,309,-4765,8775,7725,2
19,0,0,309,25000000.0000000,20022.0000000,311,310,-4774,8775,7675,0
20,0,0,310,24999900.0000000,20023.5996094,312,311,-4775,8775,7625,58
21,0,0,311,25000000.0000000,20025.3007813,313,312,-4784,8775,7575,0
22,0,0,312,25000000.0000000,20026.9003906,314,313,-4785,8775,7525,73
23,0,0,313,25000000.0000000,20028.5996094,315,314,-4794,8775,7475,0
24,0,0,314,25000000.0000000,20030.3007813,316,315,-4795,8775,7425,0
25,0,0,315,25000000.0000000,20031.9003906,317,316,-4804,8775,7375,110
26,0,0,316,24999900.0000000,20033.5000000,318,317,-4805,8775,7325,0
27,0,0,317,21801400.0000000,20035.1992188,319,318,-4814,8775,7275,0
28,0,0,318,2549400.0000000,20036.9003906,320,319,-4815,8775,7225,0
29,0,0,344,25000000.0000000,20013.6992188,346,345,-4743,8725,7925,0
30,0,0,345,25000100.0000000,20015.4003906,347,346,-4752,8725,7875,0
31,0,0,346,25000100.0000000,20017.0000000,348,347,-4753,8725,7825,0
32,0,0,347,25000000.0000000,20018.6992188,349,348,-4762,8725,7775,0
33,0,0,348,25000000.0000000,20020.3007813,350,349,-4763,8725,7725,0
34,0,0,349,25000000.0000000,20021.9003906,351,350,-4772,8725,7675,0
35,0,0,350,25000000.0000000,20023.5996094,352,351,-4773,8725,7625,0
36,0,0,351,25000000.0000000,20025.3007813,353,352,-4782,8725,7575,0
37,0,0,352,25000000.0000000,20026.9003906,354,353,-4783,8725,7525,0
38,0,0,353,25000000.0000000,20028.5996094,355,354,-4792,8725,7475,0
39,0,0,354,25000100.0000000,20030.3007813,356,355,-4793,8725,7425,3
40,0,0,355,25000000.0000000,20031.9003906,357,356,-4802,8725,7375,0
41,0,0,356,25000000.0000000,20033.5996094,358,357,-4803,8725,7325,14
42,0,0,357,25000000.0000000,20035.1992188,359,358,-4812,8725,7275,0
43,0,0,358,16304600.0000000,20036.9003906,360,359,-4813,8725,7225,0
44,0,0,383,25000100.0000000,20013.8007813,385,384,-4845,8675,7925,0
45,0,0,384,25000100.0000000,20015.4003906,386,385,-4854,8675,7875,0
46,0,0,385,25000100.0000000,20017.0000000,387,386,-4855,8675,7825,0
47,0,0,386,25000000.0000000,20018.6992188,388,387,-4864,8675,7775,0
48,0,0,387,25000200.0000000,20020.4003906,389,388,-4865,8675,7725,0
49,0,0,388,25000000.0000000,20022.0000000,390,389,-4874,8675,7675,9
50,0,0,389,25000000.0000000,20023.5996094,391,390,-4875,8675,7625,0
51,0,0,390,25000000.0000000,20025.3007813,392,391,-4884,8675,7575,51
52,0,0,391,25000000.0000000,20027.0000000,393,392,-4885,8675,7525,0
53,0,0,392,25000000.0000000,20028.5996094,394,393,-4894,8675,7475,0
54,0,0,393,25000100.0000000,20030.3007813,395,394,-4895,8675,7425,19
55,0,0,394,25000100.0000000,20031.9003906,396,395,-4904,8675,7375,48
56,0,0,395,25000100.0000000,20033.5996094,397,396,-4905,8675,7325,0
57,0,0,396,25000100.0000000,20035.3007813,398,397,-4914,8675,7275,2
58,0,0,397,16276100.0000000,20037.0000000,399,398,-4915,8675,7225,0
59,0,0,421,25000000.0000000,20013.6992188,423,422,-4843,8625,7925,0
60,0,0,422,24999900.0000000,20015.3007813,424,423,-4852,8625,7875,0
61,0,0,423,25000100.0000000,20017.0000000,425,424,-4853,8625,7825,0
62,0,0,424,25000000.0000000,20018.6992188,426,425,-4862,8625,7775,0
63,0,0,425,24999900.0000000,20020.3007813,427,426,-4863,8625,7725,0
64,0,0,426,24999900.0000000,20021.9003906,428,427,-4872,8625,7675,0
65,0,0,427,25000000.0000000,20023.5996094,429,428,-4873,8625,7625,23
66,0,0,428,24999900.0000000,20025.3007813,430,429,-4882,8625,7575,1
67,0,0,429,25000000.0000000,20026.9003906,431,430,-4883,8625,7525,9
68,0,0,430,25000100.0000000,20028.5996094,432,431,-4892,8625,7475,6
69,0,0,431,25000000.0000000,20030.1992188,433,432,-4893,8625,7425,31
70,0,0,432,25000100.0000000,20031.9003906,434,433,-4902,8625,7375,0
71,0,0,433,25000100.0000000,20033.5996094,435,434,-4903,8625,7325,0
72,0,0,434,25000100.0000000,20035.3007813,436,435,-4912,8625,7275,0
73,0,0,435,23332100.0000000,20036.9003906,437,436,-4913,8625,7225,0
74,0,0,436,4768930.0000000,20038.5996094,438,437,-4922,8625,7175,7
75,0,0,458,25000000.0000000,20013.6992188,460,459,-4945,8575,7925,0
76,0,0,459,25000100.0000000,20015.4003906,461,460,-4954,8575,7875,0
77,0,0,460,25000000.0000000,20017.0000000,462,461,-4955,8575,7825,0
78,0,0,461,25000000.0000000,20018.6992188,463,462,-4964,8575,7775,5
79,0,0,462,25000100.0000000,20020.3007813,464,463,-4965,8575,7725,1
80,0,0,463,25000100.0000000,20022.0000000,465,464,-4974,8575,7675,0
81,0,0,464,25000000.0000000,20023.5996094,466,465,-4975,8575,7625,0
82,0,0,465,24999900.0000000,20025.1992188,467,466,-4984,8575,7575,0
83,0,0,466,25000000.0000000,20026.9003906,468,467,-4985,8575,7525,0
84,0,0,467,25000200.0000000,20028.5996094,469,468,-4994,8575,7475,35
85,0,0,468,25000200.0000000,20030.3007813,470,469,-4995,8575,7425,8
86,0,0,469,25000100.0000000,20031.9003906,471,470,-5004,8575,7375,4
87,0,0,470,25000000.0000000,20033.5000000,472,471,-5005,8575,7325,0
88,0,0,471,25000000.0000000,20035.1992188,473,472,-5014,8575,7275,0
89,0,0,472,25000000.0000000,20036.9003906,474,473,-5015,8575,7225,0
90,0,0,473,24577200.0000000,20038.5000000,475,474,-5024,8575,7175,0
91,0,0,474,4139780.0000000,20040.1992188,476,475,-5025,8575,7125,0
92,0,0,494,25000100.0000000,20013.6992188,496,495,-4943,8525,7925,0
93,0,0,495,25000100.0000000,20015.4003906,497,496,-4952,8525,7875,0
94,0,0,496,24999900.0000000,20017.0000000,498,497,-4953,8525,7825,43
95,0,0,497,25000000.0000000,20018.5996094,499,498,-4962,8525,7775,14
96,0,0,498,25000000.0000000,20020.3007813,500,499,-4963,8525,7725,34
97,0,0,499,25000000.0000000,20022.0000000,501,500,-4972,8525,7675,0
98,0,0,500,25000100.0000000,20023.6992188,502,501,-4973,8525,7625,0
99,0,0,501,25000200.0000000,20025.3007813,503,502,-4982,8525,7575,0
100,0,0,502,25000200.0000000,20027.0000000,504,503,-4983,8525,7525,4
101,0,0,503,25000100.0000000,20028.5996094,505,504,-4992,8525,7475,0
102,0,0,504,25000000.0000000,20030.1992188,506,505,-4993,8525,7425,1
103,0,0,505,24999900.0000000,20031.9003906,507,506,-5002,8525,7375,0
104,0,0,506,25000000.0000000,20033.5996094,508,507,-5003,8525,7325,39
105,0,0,507,25000100.0000000,20035.1992188,509,508,-5012,8525,7275,0
106,0,0,508,25000100.0000000,20036.9003906,510,509,-5013,8525,7225,5
107,0,0,509,25000000.0000000,20038.5000000,511,510,-5022,8525,7175,0
108,0,0,510,17526900.0000000,20040.1992188,512,511,-5023,8525,7125,0
109,0,0,511,4028330.0000000,20041.8007813,513,512,-5032,8525,7075,0
110,0,0,527,2433140.0000000,20012.0000000,529,528,-5044,8475,7975,0
111,0,0,528,24999900.0000000,20013.6992188,530,529,-5045,8475,7925,0
112,0,0,529,25000000.0000000,20015.3007813,531,530,-5054,8475,7875,0
113,0,0,530,25000000.0000000,20017.0000000,532,531,-5055,8475,7825,0
114,0,0,531,25000100.0000000,20018.6992188,533,532,-5064,8475,7775,0
115,0,0,532,25000100.0000000,20020.3007813,534,533,-5065,8475,7725,0
116,0,0,533,25000100.0000000,20022.0000000,535,534,-5074,8475,7675,36
117,0,0,534,25000100.0000000,20023.6992188,536,535,-5075,8475,7625,21
118,0,0,535,25000000.0000000,20025.3007813,537,536,-5084,8475,7575,18
119,0,0,536,25000000.0000000,20026.9003906,538,537,-5085,8475,7525,0
120,0,0,537,25000100.0000000,20028.5996094,539,538,-5094,8475,7475,0
121,0,0,538,25000100.0000000,20030.3007813,540,539,-5095,8475,7425,0
122,0,0,539,25000000.0000000,20031.9003906,541,540,-5104,8475,7375,0
123,0,0,540,24999900.0000000,20033.5000000,542,541,-5105,8475,7325,1
124,0,0,541,24999900.0000000,20035.1992188,543,542,-5114,8475,7275,7
125,0,0,542,25000000.0000000,20036.8007813,544,543,-5115,8475,7225,0
126,0,0,543,25000000.0000000,20038.5000000,545,544,-5124,8475,7175,0
127,0,0,544,25000100.0000000,20040.1992188,546,545,-5125,8475,7125,26
128,0,0,545,24217000.0000000,20041.9003906,547,546,-5134,8475,7075,4
129,0,0,546,14570900.0000000,20043.5000000,548,547,-5135,8475,7025,0
130,0,0,547,3041220.0000000,19489.5996094,549,548,-6044,8475,6975,0
131,0,0,560,19056500.0000000,20012.0000000,562,561,-5042,8425,7975,0
132,0,0,561,25000000.0000000,20013.6992188,563,562,-5043,8425,7925,0
133,0,0,562,24999900.0000000,20015.3007813,564,563,-5052,8425,7875,0
134,0,0,563,25000000.0000000,20017.0000000,565,564,-5053,8425,7825,0
135,0,0,564,25000100.0000000,20018.6992188,566,565,-5062,8425,7775,0
136,0,0,565,25000100.0000000,20020.3007813,567,566,-5063,8425,7725,0
137,0,0,566,24999900.0000000,20021.9003906,568,567,-5072,8425,7675,10
138,0,0,567,24999900.0000000,20023.5996094,569,568,-5073,8425,7625,0
139,0,0,568,25000000.0000000,20025.3007813,570,569,-5082,8425,7575,0
140,0,0,569,25000000.0000000,20026.9003906,571,570,-5083,8425,7525,101
141,0,0,570,24999900.0000000,20028.5000000,572,571,-5092,8425,7475,0
142,0,0,571,24999900.0000000,20030.1992188,573,572,-5093,8425,7425,0
143,0,0,572,25000000.0000000,20031.9003906,574,573,-5102,8425,7375,0
144,0,0,573,25000100.0000000,20033.5996094,575,574,-5103,8425,7325,0
145,0,0,574,25000100.0000000,20035.1992188,576,575,-5112,8425,7275,1
146,0,0,575,25000000.0000000,20036.9003906,577,576,-5113,8425,7225,0
147,0,0,576,25000000.0000000,20038.5000000,578,577,-5122,8425,7175,3
148,0,0,577,24999900.0000000,20040.1992188,579,578,-5123,8425,7125,1
149,0,0,578,24986100.0000000,19949.0996094,580,579,-5132,8425,7075,0
150,0,0,579,17340400.0000000,17711.4003906,581,580,-5133,8425,7025,0
151,0,0,580,3550410.0000000,9953.8095703,582,581,-6042,8425,6975,0
152,0,0,591,13246300.0000000,20012.0000000,593,592,-5144,8375,7975,0
153,0,0,592,25000100.0000000,20013.6992188,594,593,-5145,8375,7925,0
154,0,0,593,25000100.0000000,20015.4003906,595,594,-5154,8375,7875,0
155,0,0,594,25000100.0000000,20017.0000000,596,595,-5155,8375,7825,0
156,0,0,595,25000000.0000000,20018.5996094,597,596,-5164,8375,7775,0
157,0,0,596,25000000.0000000,20020.3007813,598,597,-5165,8375,7725,0
158,0,0,597,25000000.0000000,20021.9003906,599,598,-5174,8375,7675,2
159,0,0,598,25000000.0000000,20023.5996094,600,599,-5175,8375,7625,0
160,0,0,599,25000000.0000000,20025.3007813,601,600,-5184,8375,7575,22
161,0,0,600,25000100.0000000,20026.9003906,602,601,-5185,8375,7525,0
162,0,0,601,25000100.0000000,20028.5996094,603,602,-5194,8375,7475,0
163,0,0,602,25000000.0000000,20030.1992188,604,603,-5195,8375,7425,0
164,0,0,603,25000000.0000000,20031.9003906,605,604,-5204,8375,7375,43
165,0,0,604,25000000.0000000,20033.5000000,606,605,-5205,8375,7325,0
166,0,0,605,25000000.0000000,20035.1992188,607,606,-5214,8375,7275,0
167,0,0,606,25000000.0000000,20036.8007813,608,607,-5215,8375,7225,0
168,0,0,607,24999900.0000000,20038.5000000,609,608,-5224,8375,7175,0
169,0,0,608,20249500.0000000,18330.3007813,610,609,-5225,8375,7125,0
170,0,0,609,6419950.0000000,12973.0996094,611,610,-5234,8375,7075,0
171,0,0,618,3455850.0000000,20010.4003906,620,619,-4233,8325,8025,0
172,0,0,619,21963600.0000000,20012.0996094,621,620,-5142,8325,7975,0
173,0,0,620,25000200.0000000,20013.6992188,622,621,-5143,8325,7925,13
174,0,0,621,25000100.0000000,20015.4003906,623,622,-5152,8325,7875,0
175,0,0,622,25000100.0000000,20017.0000000,624,623,-5153,8325,7825,7
176,0,0,623,25000000.0000000,20018.5996094,625,624,-5162,8325,7775,15
177,0,0,624,25000000.0000000,20020.3007813,626,625,-5163,8325,7725,0
178,0,0,625,25000000.0000000,20021.9003906,627,626,-5172,8325,7675,0
179,0,0,626,25000000.0000000,20023.5996094,628,627,-5173,8325,7625,25
180,0,0,627,25000100.0000000,20025.3007813,629,628,-5182,8325,7575,15
181,0,0,628,25000000.0000000,20026.9003906,630,629,-5183,8325,7525,0
182,0,0,629,25000000.0000000,20028.5996094,631,630,-5192,8325,7475,0
183,0,0,630,25000000.0000000,20030.1992188,632,631,-5193,8325,7425,4
184,0,0,631,25000000.0000000,20031.9003906,633,632,-5202,8325,7375,1
185,0,0,632,25000000.0000000,20033.5996094,634,633,-5203,8325,7325,0
186,0,0,633,25000000.0000000,20035.1992188,635,634,-5212,8325,7275,0
187,0,0,634,22478200.0000000,18791.1992188,636,635,-5213,8325,7225,0
188,0,0,635,9541560.0000000,14582.0000000,637,636,-5222,8325,7175,0
189,0,0,636,223349.0000000,2419.3798828,638,637,-5223,8325,7125,0
190,0,0,644,2646300.0000000,20008.6992188,646,645,-4334,8275,8075,0
191,0,0,645,20896200.0000000,20010.3007813,647,646,-4335,8275,8025,0
192,0,0,646,25000000.0000000,20012.0000000,648,647,-5244,8275,7975,0
193,0,0,647,25000000.0000000,20013.6992188,649,648,-5245,8275,7925,0
194,0,0,648,24999900.0000000,20015.3007813,650,649,-5254,8275,7875,0
195,0,0,649,25000000.0000000,20017.0000000,651,650,-5255,8275,7825,0
196,0,0,650,25000000.0000000,20018.5996094,652,651,-5264,8275,7775,14
197,0,0,651,25000000.0000000,20020.3007813,653,652,-5265,8275,7725,1
198,0,0,652,25000000.0000000,20022.0000000,654,653,-5274,8275,7675,0
199,0,0,653,25000000.0000000,20023.5996094,655,654,-5275,8275,7625,0
200,0,0,654,25000000.0000000,20025.3007813,656,655,-5284,8275,7575,17
201,0,0,655,25000000.0000000,20026.9003906,657,656,-5285,8275,7525,0
202,0,0,656,24999900.0000000,20028.5000000,658,657,-5294,8275,7475,14
203,0,0,657,25000000.0000000,20030.1992188,659,658,-5295,8275,7425,1
204,0,0,658,25000000.0000000,20031.9003906,660,659,-5304,8275,7375,0
205,0,0,659,24009100.0000000,19252.9003906,661,660,-5305,8275,7325,0
206,0,0,660,12683100.0000000,15838.5996094,662,661,-5314,8275,7275,0
207,0,0,661,1133100.0000000,5448.3999023,663,662,-5315,8275,7225,0
208,0,0,670,1438770.0000000,20007.0996094,672,671,-4323,8225,8125,0
209,0,0,671,13876300.0000000,20008.6992188,673,672,-4332,8225,8075,0
210,0,0,672,24999900.0000000,20010.3007813,674,673,-4333,8225,8025,0
211,0,0,673,24999900.0000000,20012.0000000,675,674,-5242,8225,7975,0
212,0,0,674,25000000.0000000,20013.6992188,676,675,-5243,8225,7925,0
213,0,0,675,25000000.0000000,20015.3007813,677,676,-5252,8225,7875,0
214,0,0,676,25000000.0000000,20017.0000000,678,677,-5253,8225,7825,0
215,0,0,677,25000000.0000000,20018.5996094,679,678,-5262,8225,7775,13
216,0,0,678,24999900.0000000,20020.3007813,680,679,-5263,8225,7725,0
217,0,0,679,25000100.0000000,20022.0000000,681,680,-5272,8225,7675,0
218,0,0,680,25000100.0000000,20023.5996094,682,681,-5273,8225,7625,0
219,0,0,681,25000000.0000000,20025.3007813,683,682,-5282,8225,7575,0
220,0,0,682,25000100.0000000,20026.9003906,684,683,-5283,8225,7525,0
221,0,0,683,25000000.0000000,20028.5996094,685,684,-5292,8225,7475,0
222,0,0,684,24838700.0000000,19715.1992188,686,685,-5293,8225,7425,0
223,0,0,685,15830600.0000000,17097.3007813,687,686,-5302,8225,7375,0
224,0,0,686,2746820.0000000,8481.3203125,688,687,-5303,8225,7325,0
225,0,0,693,14003600.0000000,20007.0996094,695,694,-4425,8175,8125,0
226,0,0,694,25000000.0000000,20008.6992188,696,695,-4434,8175,8075,0
227,0,0,695,25000000.0000000,20010.4003906,697,696,-4435,8175,8025,0
228,0,0,696,25000000.0000000,20012.0000000,698,697,-5344,8175,7975,0
229,0,0,697,25000000.0000000,20013.6992188,699,698,-5345,8175,7925,0
230,0,0,698,25000100.0000000,20015.3007813,700,699,-5354,8175,7875,0
231,0,0,699,24999900.0000000,20016.9003906,701,700,-5355,8175,7825,4
232,0,0,700,24999900.0000000,20018.5996094,702,701,-5364,8175,7775,0
233,0,0,701,25000000.0000000,20020.3007813,703,702,-5365,8175,7725,9
234,0,0,702,25000000.0000000,20021.9003906,704,703,-5374,8175,7675,0
235,0,0,703,24999900.0000000,20023.5996094,705,704,-5375,8175,7625,14
236,0,0,704,25000000.0000000,20025.1992188,706,705,-5384,8175,7575,29
237,0,0,705,25000000.0000000,20026.9003906,707,706,-5385,8175,7525,0
238,0,0,706,18947100.0000000,18099.3007813,708,707,-5394,8175,7475,0
239,0,0,707,5068180.0000000,11518.2998047,709,708,-5395,8175,7425,0
240,0,0,714,15586400.0000000,20007.0996094,716,715,-4423,8125,8125,0
241,0,0,715,24999900.0000000,20008.6992188,717,716,-4432,8125,8075,0
242,0,0,716,25000000.0000000,20010.3007813,718,717,-4433,8125,8025,0
243,0,0,717,25000000.0000000,20012.0000000,719,718,-5342,8125,7975,0
244,0,0,718,25000000.0000000,20013.6992188,720,719,-5343,8125,7925,12
245,0,0,719,25000100.0000000,20015.3007813,721,720,-5352,8125,7875,48
246,0,0,720,25000100.0000000,20017.0000000,722,721,-5353,8125,7825,186
247,0,0,721,25000000.0000000,20018.5996094,723,722,-5362,8125,7775,46
248,0,0,722,25000000.0000000,20020.3007813,724,723,-5363,8125,7725,19
249,0,0,723,25000100.0000000,20022.0000000,725,724,-5372,8125,7675,0
250,0,0,724,25000000.0000000,20023.5996094,726,725,-5373,8125,7625,13
251,0,0,725,21522400.0000000,18563.0996094,727,726,-5382,8125,7575,0
252,0,0,726,8063710.0000000,13982.5996094,728,727,-5383,8125,7525,0
253,0,0,734,16956200.0000000,20007.0996094,736,735,-4525,8075,8125,0
254,0,0,735,25000100.0000000,20008.6992188,737,736,-4534,8075,8075,0
255,0,0,736,25000100.0000000,20010.4003906,738,737,-4535,8075,8025,0
256,0,0,737,25000000.0000000,20012.0000000,739,738,-5444,8075,7975,22
257,0,0,738,25000000.0000000,20013.6992188,740,739,-5445,8075,7925,0
258,0,0,739,25000000.0000000,20015.3007813,741,740,-5454,8075,7875,0
259,0,0,740,25000000.0000000,20017.0000000,742,741,-5455,8075,7825,0
260,0,0,741,25000100.0000000,20018.5996094,743,742,-5464,8075,7775,6
261,0,0,742,24999900.0000000,20020.3007813,744,743,-5465,8075,7725,126
262,0,0,743,23391100.0000000,19027.5996094,745,744,-5474,8075,7675,0
263,0,0,744,11226700.0000000,15247.2001953,746,745,-5475,8075,7625,0
264,0,0,745,621940.0000000,4033.5700684,747,746,-5484,8075,7575,0
265,0,0,752,4395950.0000000,20007.0000000,754,753,-4523,8025,8125,28
266,0,0,753,14912400.0000000,20008.6992188,755,754,-4532,8025,8075,0
267,0,0,754,17931100.0000000,20010.3007813,756,755,-4533,8025,8025,0
268,0,0,755,19369300.0000000,20012.0000000,757,756,-5442,8025,7975,0
269,0,0,756,15022900.0000000,20013.6992188,758,757,-5443,8025,7925,0
270,0,0,757,21644500.0000000,20015.3007813,759,758,-5452,8025,7875,0
271,0,0,758,25000000.0000000,20016.9003906,760,759,-5453,8025,7825,0
272,0,0,759,24549900.0000000,19492.6992188,761,760,-5462,8025,7775,0
273,0,0,760,14395700.0000000,16513.9003906,762,761,-5463,8025,7725,0
274,0,0,761,1919180.0000000,7084.1801758,763,762,-5472,8025,7675,0
275,0,0,773,1945190.0000000,19958.5000000,775,774,3446,7975,7875,0
276,0,0,774,10562400.0000000,17782.5996094,776,775,3445,7975,7825,0
277,0,0,775,3932550.0000000,10138.7001953,777,776,3436,7975,7775,0